85
18 87 47 
60 42 95 
40 2 59 
20 28 2 
10 75 85 
6 9 37 
34 80 23 
71 45 38 
2 90 49 
62 60 31 
2 63 8 
98 66 12 
22 26 8 
90 18 96 
47 28 1 
33 81 66 
5 93 64 
81 58 90 
93 98 56 
20 64 85 
27 39 59 
69 68 37 
86 97 50 
4 82 13 
5 75 28 
0 70 60 
5 24 47 
74 56 36 
56 4 75 
29 38 10 
17 21 59 
46 56 56 
31 30 58 
55 97 3 
18 18 61 
30 20 4 
24 90 41 
82 76 53 
76 0 86 
31 95 19 
13 99 62 
48 13 13 
40 83 8 
32 4 19 
27 85 28 
65 0 95 
39 80 99 
40 24 88 
43 4 97 
46 43 73 
73 58 20 
18 13 34 
36 17 41 
19 23 34 
46 9 37 
61 43 51 
57 39 5 
27 92 47 
79 99 9 
32 58 9 
87 81 48 
53 47 73 
59 40 8 
48 73 71 
77 58 9 
36 14 86 
80 84 5 
30 41 34 
62 57 18 
7 80 41 
9 46 71 
87 17 78 
55 27 60 
86 66 16 
8 88 48 
91 93 5 
42 2 11 
7 62 1 
41 12 61 
72 1 15 
10 4 60 
5 41 70 
60 49 23 
48 44 43 
13 7 4 
